# This file may be used to create an environment using:
# $ conda create --name <env> --file <this file>
# platform: win-64
annotated-types=0.7.0=pyhd8ed1ab_1
anyio=4.9.0=pyh29332c3_0
bzip2=1.0.8=h2466b09_7
ca-certificates=2025.1.31=h56e8100_0
certifi=2025.1.31=pyhd8ed1ab_0
cffi=1.17.1=py311he736701_0
click=8.1.8=pyh7428d3b_0
colorama=0.4.6=pyhd8ed1ab_1
cryptography=44.0.2=py311hfd75b31_0
dnspython=2.7.0=pyhff2d567_1
ecdsa=0.14.1=pypi_0
email-validator=2.2.0=pyhd8ed1ab_1
email_validator=2.2.0=hd8ed1ab_1
exceptiongroup=1.2.2=pyhd8ed1ab_1
fastapi=0.115.12=pyh29332c3_0
fastapi-cli=0.0.7=pyhd8ed1ab_0
future=0.18.3=pyhd8ed1ab_0
h11=0.14.0=pyhd8ed1ab_1
h2=4.2.0=pyhd8ed1ab_0
hpack=4.1.0=pyhd8ed1ab_0
httpcore=1.0.7=pyh29332c3_1
httptools=0.6.4=py311he736701_0
httpx=0.28.1=pyhd8ed1ab_0
hyperframe=6.1.0=pyhd8ed1ab_0
idna=3.10=pyhd8ed1ab_1
jinja2=3.1.6=pyhd8ed1ab_0
jwt=1.3.1=pypi_0
libexpat=2.6.4=he0c23c2_0
libffi=3.4.6=h537db12_0
liblzma=5.6.4=h2466b09_0
libsqlite=3.49.1=h67fdade_2
libzlib=1.3.1=h2466b09_2
markdown-it-py=3.0.0=pyhd8ed1ab_1
markupsafe=3.0.2=py311h5082efb_1
mdurl=0.1.2=pyhd8ed1ab_1
openssl=3.4.1=ha4e3fda_0
pip=25.0.1=pyh8b19718_0
pyasn1=0.6.1=pypi_0
pycparser=2.22=pyh29332c3_1
pydantic=2.0.3=pyhd8ed1ab_1
pydantic-core=2.18.2=pypi_0
pygments=2.19.1=pyhd8ed1ab_0
python=3.11.11=h3f84c4b_2_cpython
python-dotenv=1.1.0=pyh29332c3_1
python-jose=3.2.0=pyhd8ed1ab_0
python-multipart=0.0.20=pyhff2d567_0
python_abi=3.11=5_cp311
pyyaml=6.0.2=py311h5082efb_2
rich=13.9.4=pyhd8ed1ab_1
rich-toolkit=0.11.3=pyh29332c3_0
rsa=4.9=pypi_0
setuptools=75.8.2=pyhff2d567_0
shellingham=1.5.4=pyhd8ed1ab_1
six=1.17.0=pyhd8ed1ab_0
sniffio=1.3.1=pyhd8ed1ab_1
starlette=0.46.1=pyha770c72_0
tk=8.6.13=h5226925_1
typer=0.15.2=pyhff008b6_0
typer-slim=0.15.2=pyh29332c3_0
typer-slim-standard=0.15.2=h801b22e_0
typing-extensions=4.12.2=hd8ed1ab_1
typing_extensions=4.12.2=pyha770c72_1
tzdata=2025b=h78e105d_0
ucrt=10.0.22621.0=h57928b3_1
uvicorn=0.34.0=pyh5737063_0
uvicorn-standard=0.34.0=h5737063_0
vc=14.3=hbf610ac_24
vc14_runtime=14.42.34438=hfd919c2_24
vs2015_runtime=14.42.34438=h7142326_24
watchfiles=1.0.4=py311h533ab2d_0
websockets=15.0.1=py311he736701_0
wheel=0.45.1=pyhd8ed1ab_1
yaml=0.2.5=h8ffe710_2